a(23) regression check OK
a(24) = 150982602863547637867136387383296
   v2=20  mod24=0  mod3=0  [48s]
a(25) = 8158813240249417966741428872675328
   v2=21  mod24=0  mod3=0  [130s]
a(26) = 586623207316450040729896176413835264
   v2=20  mod24=0  mod3=0  [174s]
a(27) = 42950237145098618016020059492435623936
   v2=23  mod24=0  mod3=0  [412s]

growth: n, a(n)/n!, (a(n)/n!)^(1/n), ln a(n)/(n ln n)
   2  1.5000e+00  1.2247  0.7925
   3  2.3333e+00  1.3264  0.8007
   4  4.6667e+00  1.4698  0.8509
   5  7.2667e+00  1.4868  0.8414
   6  1.9961e+01  1.6470  0.8905
   7  3.0651e+01  1.6306  0.8771
   8  7.6847e+01  1.7207  0.8985
   9  1.6455e+02  1.7630  0.9054
  10  4.6522e+02  1.8483  0.9227
  11  6.9959e+02  1.8139  0.9119
  12  2.7721e+03  1.9360  0.9361
  13  4.1232e+03  1.8971  0.9260
  14  1.1668e+04  1.9521  0.9353
  15  3.6281e+04  2.0136  0.9453
  16  1.0835e+05  2.0638  0.9527
  17  1.5879e+05  2.0227  0.9443
  18  6.3289e+05  2.1004  0.9563
  19  9.2219e+05  2.0603  0.9487
  20  3.8022e+06  2.1331  0.9595
  21  1.1839e+07  2.1718  0.9645
  22  3.2922e+07  2.1964  0.9673
  23  4.7452e+07  2.1565  0.9607
  24  2.4334e+08  2.2358  0.9714
  25  5.2599e+08  2.2327  0.9703
  26  1.4546e+09  2.2512  0.9722
  27  3.9444e+09  2.2668  0.9738
