  a  b  k  nA  nB   n  threshold  min |root|>0   verdict
  3  4  1   4   3   7    0.31784      0.967379        ok
  3  4  2   8   6  14    0.31784      0.712497        ok
  3  4  3  12   9  21    0.31784      0.613159        ok
  3  4  4  16  12  28    0.31784      0.554590        ok
  3  4  5  20  15  35    0.31784      0.540733        ok
  3  5  1   5   3   8    0.58579      1.231823        ok
  3  5  2  10   6  16    0.58579      0.988569        ok
  3  5  3  15   9  24    0.58579      0.894360        ok
  3  5  4  20  12  32    0.58579      0.840728        ok
  3  5  5  25  15  40    0.58579      0.813512        ok
  4  5  3  15  12  27    0.26795      0.533053        ok
  3  6  1   6   3   9    0.82185      1.463290        ok
  3  6  3  18   9  27    0.82185      1.139384        ok
  3  6  4  24  12  36    0.82185      1.082483        ok
180 biregular graphs tested in 22s
  a  b  threshold  smallest nonzero |root| seen    ratio
  3  4    0.31784                      0.519773    1.635
  3  5    0.58579                      0.799902    1.366
  3  6    0.82185                      1.079852    1.314
  3  7    1.03528                      1.293632    1.250
  4  5    0.26795                      0.530847    1.981
  4  6    0.50402                      1.107593    2.198
ratio below 1 would be a violation of Song-Fan-Miao Problem 1.
