P10 (frozen): the N_obs drift is the min-over-samples estimator.
   family   r    n  girth  N_obs(min)  N_obs(mean)  samples
    (3,6)   6   18   4.00      0.5256       0.5310       14
    (3,6)   7   21   4.00      0.5368       0.5422       14
    (3,6)   8   24   4.00      0.5373       0.5499       14
    (3,6)   9   27   4.00      0.5466       0.5565       14
    (3,6)  10   30   4.00      0.5515       0.5634       14
    (3,6)  11   33   4.00      0.5526       0.5766       14
    (3,6)  12   36   4.00      0.5636       0.5740       14
    (3,6)  13   39   4.00      0.5645       0.5791       14
    (3,6)  14   42   4.00      0.5719       0.5862       14
    (3,6)  15   45   4.00      0.5571       0.5886       14
    (3,6)  16   48   4.00      0.5640       0.5917       14
    (3,6)  17   51   4.00      0.5723       0.5912       14
    (4,8)   6   18   4.00      0.5459       0.5467       14
    (4,8)   7   21   4.00      0.5545       0.5564       14
    (4,8)   8   24   4.00      0.5622       0.5644       14
    (4,8)   9   27   4.00      0.5674       0.5717       14
    (4,8)  10   30   4.00      0.5732       0.5782       14
    (4,8)  11   33   4.00      0.5791       0.5820       14
    (4,8)  12   36   4.00      0.5808       0.5873       14
    (4,8)  13   39   4.00      0.5863       0.5934       14
    (4,8)  14   42   4.00      0.5912       0.5956       14
    (4,8)  15   45   4.00      0.5947       0.6002       14
    (4,8)  16   48   4.00      0.5927       0.6025       14
    (4,8)  17   51   4.00      0.5987       0.6088       14
    (3,9)   6   24   4.00      0.5022       0.5064       14
    (3,9)   7   28   4.00      0.5116       0.5171       14
    (3,9)   8   32   4.00      0.5159       0.5272       14
    (3,9)   9   36   4.00      0.5226       0.5324       14
    (3,9)  10   40   4.00      0.5310       0.5424       14
    (3,9)  11   44   4.00      0.5359       0.5458       14
    (3,9)  12   48   4.00      0.5396       0.5497       14
    (3,9)  13   52   4.00      0.5428       0.5546       14
    (3,9)  14   56   4.00      0.5475       0.5592       14
    (3,9)  15   60   4.00      0.5462       0.5618       14
    (3,9)  16   64   4.00      0.5555       0.5749       14
    (3,9)  17   68   4.00      0.5574       0.5732       14
   (3,12)   6   30   4.00      0.4931       0.4957       14
   (3,12)   7   35   4.00      0.5023       0.5058       14
   (3,12)   8   40   4.00      0.5087       0.5149       14
   (3,12)   9   45   4.00      0.5148       0.5225       14
   (3,12)  10   50   4.00      0.5210       0.5279       14
   (3,12)  11   55   4.00      0.5250       0.5318       14
   (3,12)  12   60   4.00      0.5314       0.5401       14
   (3,12)  13   65   4.00      0.5338       0.5439       14
   (3,12)  14   70   4.00      0.5414       0.5489       14
   (3,12)  15   75   4.00      0.5461       0.5560       14
   (3,12)  16   80   4.00      0.5513       0.5578       14
   (3,12)  17   85   4.00      0.5509       0.5597       14
  girth over the whole range: 4.00 to 4.00
   estimator  drift exp in n  R^2 power  R^2 in log n
         min         +0.0187     0.0239        0.0227
        mean         +0.0290     0.0512        0.0500
  P10 FAILS: the mean estimator drifts +0.0290, essentially as much as
  the minimum's +0.0187. The departure is real.
  girth varies by only 0.00 over the whole range, so it
  cannot drive a smooth drift; the girth explanation is ruled out.
