  a  b  k   n    tau^2      m=1      m=2      m=4      m=8   true^2  best m proves?
  3  4  1   7  0.10102  0.66667  0.89443  0.93428  0.93582  0.93582             YES
  3  4  2  14  0.10102  0.28064  0.46487  0.50524  0.50763  0.50765             YES
  3  4  3  21  0.10102  0.17424  0.33076  0.37138  0.37460  0.37465             YES
  3  4  4  28  0.10102  0.12631  0.26731  0.30982  0.31408  0.31417             YES
  3  5  1   8  0.34315  1.00000  1.41421  1.51134  1.51734  1.51739             YES
  3  5  2  16  0.34315  0.45711  0.84162  0.96429  0.97687  0.97716             YES
  3  5  3  24  0.34315  0.29705  0.64869  0.78436  0.80231  0.80298             YES
  3  5  4  32  0.34315  0.21901  0.54104  0.68248  0.70475  0.70588             YES
  3  6  4  36  0.67544  0.30869  0.82965  1.11542  1.17496  1.17977             YES
proves SFM for 9 of 9 with the best m tried
