Analytic quantile prediction against the measured margin.
self-check: n * integral of rho over the positive band must equal r exactly
   family   r    n   n*int(rho)     r    rel err
   (3,12)  17   85      17.0000    17   2.47e-08
   (3,15)  16   96      16.0000    16   2.32e-08
   (3,18)  14   98      14.0000    14   2.23e-08
    (3,6)  21   63      21.0000    21   3.36e-08
    (3,9)  20   80      20.0000    20   2.73e-08
   (4,12)  18   72      18.0000    18   2.17e-08
   (4,16)  15   75      15.0000    15   2.05e-08
   (4,20)  14   84      14.0000    14   1.98e-08
    (4,8)  21   63      21.0000    21   2.43e-08
   (5,10)  20   60      20.0000    20   2.07e-08
   (5,15)  16   64      16.0000    16   1.93e-08
   (6,12)  19   57      19.0000    19   1.88e-08
normalisation holds.
   family  q/d   r    n   measured  predicted   ratio
    (3,6)    2   6   18   0.402830   0.652505   0.617
    (3,6)    2  14   42   0.231869   0.346834   0.669
    (3,6)    2  21   63   0.176770   0.258719   0.683
    (4,8)    2   6   18   0.465416   0.735598   0.633
    (4,8)    2  14   42   0.266075   0.389236   0.684
    (4,8)    2  21   63   0.203501   0.290021   0.702
   (5,10)    2   6   18   0.517778   0.811175   0.638
   (5,10)    2  13   39   0.310651   0.452185   0.687
   (5,10)    2  20   60   0.233939   0.330255   0.708
   (6,12)    2   6   18   0.564921   0.880682   0.641
   (6,12)    2  13   39   0.338518   0.490219   0.691
   (6,12)    2  19   57   0.263623   0.371407   0.710
    (3,9)    3   6   24   0.405085   0.663881   0.610
    (3,9)    3  13   52   0.247493   0.380225   0.651
    (3,9)    3  20   80   0.190288   0.280691   0.678
   (4,12)    3   6   24   0.470434   0.759084   0.620
   (4,12)    3  12   48   0.303148   0.458304   0.661
   (4,12)    3  18   72   0.235236   0.343623   0.685
   (5,15)    3   6   24   0.526732   0.843629   0.624
   (5,15)    3  11   44   0.358446   0.541043   0.663
   (5,15)    3  16   64   0.282790   0.413853   0.683
   (3,12)    4   6   30   0.402910   0.666185   0.605
   (3,12)    4  12   60   0.262322   0.406852   0.645
   (3,12)    4  17   85   0.211261   0.318934   0.662
   (4,16)    4   6   30   0.470668   0.768220   0.613
   (4,16)    4  11   55   0.322820   0.496968   0.650
   (4,16)    4  15   75   0.265783   0.399341   0.666
   (3,15)    5   6   36   0.400508   0.666246   0.601
   (3,15)    5  11   66   0.277107   0.434065   0.638
   (3,15)    5  16   96   0.218713   0.334429   0.654
   (4,20)    5   6   36   0.470122   0.772805   0.608
   (4,20)    5  10   60   0.343497   0.536600   0.640
   (4,20)    5  14   84   0.278652   0.423664   0.658
   (3,18)    6   6   42   0.398436   0.665599   0.599
   (3,18)    6  10   70   0.291848   0.464419   0.628
   (3,18)    6  14   98   0.238212   0.367552   0.648
   family  q/d  exp measured  exp predicted     diff  ratio drift
    (3,6)    2       -0.6509        -0.7369  -0.0860        1.107
    (4,8)    2       -0.6600        -0.7412  -0.0812        1.109
   (5,10)    2       -0.6604        -0.7447  -0.0843        1.110
   (6,12)    2       -0.6612        -0.7475  -0.0862        1.107
    (3,9)    3       -0.6302        -0.7140  -0.0837        1.111
   (4,12)    3       -0.6328        -0.7204  -0.0877        1.105
   (5,15)    3       -0.6334        -0.7253  -0.0919        1.094
   (3,12)    4       -0.6168        -0.7066  -0.0898        1.095
   (4,16)    4       -0.6227        -0.7135  -0.0908        1.086
   (3,15)    5       -0.6158        -0.7022  -0.0864        1.088
   (4,20)    5       -0.6157        -0.7090  -0.0933        1.081
   (3,18)    6       -0.6077        -0.7005  -0.0929        1.083
  q/d    measured   predicted
    2     -0.6581     -0.7426
    3     -0.6321     -0.7199
    4     -0.6198     -0.7101
    5     -0.6158     -0.7056
    6     -0.6077     -0.7005
  spread across aspect ratios: measured 0.0176, predicted 0.0149
  |predicted - measured| exponent: mean 0.0878, max 0.0933
  INCONCLUSIVE: the prediction neither reproduces the dependence nor is flat.
